     36    114

Msl.11242                       ATG AAG TGG CAA CTC GCT CTC GGA CTT TTG CTG TGC GCA GCC CTG GCT GTC GCC GAG CCC ACC CAG GAG GAG GAG GCT CTG TCC AAC GTG GAC GAG TCC AGC ATG TCG GAG GAG 
Msl.14209                       ATG AAG TGG CAG CTC GCT CTC GGA CTT TTG CTG TGC GCC GCC CTG GTC GTC GCC GTG CCC ACC CAG GAG GAG GAG ACT CTG TCC AAC ATT GAC GAG TCC AGC ATG TCG AAG GAG 
Msl.22314                       ATG AAG TGG CAA CTC GCT CTC GGA CTT TTG CTG TTC GCA GCC ATG GCC GTC GCC ATG CCC ACC CAG GAG GAG GAG ACT CTG TCC AAC CTG GAC GAA TCC AGC CTG TCG CAG GAG 
Msl.26059                       ATG AAG TGG CAA CTC GCT CTC GGA CTT TTG CTG TGC GCA GCC CTG GCT GTC GCC GTG CCC ACC CAG GAG GAG GAG GCT CTG TCC AAC GTG GAC GAG TCC AGC ATG TCG GAG GAG 
Msl.26074                       ATG AAG TGG CAA CTC GCT CTC GGA CTT TTG CTG TGC GCA GCC CTG GCT GTC GCC GTG CCC ACC CAG GAG GAG GAG GCT CTG TCC AAC GTG GAC GAG TCC AGC ATG TCG GAG GAG 
Msl.31195                       ATG AAG TGG CAA CTC GCT CTC GGA CTT TTG CTG TGC GCA GCC CTG GCT GTC GCC GAG CCC ACC CAG GAG GAG GAG GCT CTG TCC AAC GTG GAC GAG TCC AGC ATG TCG GAG GAG 
Msl.33054                       ATG AAG TGG CAA CTC GCT CTC GGA CTT TTG CTG TTC GCA GCC ATG GCC GTC GCC ATG CCC ACC CAA GAA GAG GAG ACT CTG TCC AAC CTG GAC GAG TCC AGC CTG TCG CAG GAG 
Msl.33291                       ATG AAG TGG CAA CTC GCT CTC GGA CTT TTG CTG TGC GCA GCC CTG GCT GTC GCC GAG CCC ACC CAG GAG GAG GAG GCT CTG TCC AAC GTG GAC GAG TCC AGC ATG TCG GAG GAG 
Msl.34751                       ATG AAG TGG CAA CTC GCT CTC GGA CTT TTG CTG TGC GCA GCC CTG GCT GTC GCC GTG CCC ACC CAG GAG GAG GAG GCT CTG TCC AAC GTG GAC GAG TCC AGC ATG TCG GAG GAG 
Msl.34762                       ATG AAG TGG CAA CTC GCT CTC GGA CTT TTG CTG TGC GCA GCC CTG GCT GTC GCC GTG CCC ACC CAG GAG GAG GAG GCT CTG TCC AAC GTG GAC GAG TCC AGC ATG TCG GAG GAG 
Msl.34929                       ATG AAG TGG CAA CTC GCT CTC GGA CTT TTG CTG TGC GCA GCC CTG GCT GTC GCT GTG CCC ACC CAG GAG GAG GAG GCT CTG TCC AAC GTG GAC GAG TCC AGC ATG TCG GAG GAG 
Msl.35272                       ATG AAG TGG CAA CTC GCT CTC GGA CTT TTG CTG TGC GCA GCC CTG GCT GTC GCC GTG CCC ACC CAG GAG GAG GAG GCT CTG TCC AAC GTG GAC GAG TCC AGC ATG TCG GAG GAG 
Msl.35439                       ATG AAG TGG CAA CTC GCT CTC GGA CTT TTG CTG TGC GCA GCC CTG GCT GTC GCT GTG CCC ACC CAG GAG GAG GAG GCT CTG TCC AAC GTG GAC GAG TCC AGC ATG TCG GAG GAG 
Msl.35450                       ATG AAG TGG CAA CTC GCT CTC GGA CTT TTG CTG TGC GCA GCC CTG GCT GTC GCT GTG CCC ACC CAG GAG GAG GAG GCT CTG TCC AAC GTG GAC GAG TCC AGC ATG TCG GAG GAG 
Msl.38136                       ATG AAG TGG CAA CTC GCT CTC GGA CTT TTG CTG TTC GCA GCC ATG GCC GTC GCC ATG CCC ACC CAG GAG GAG GAG ACT CTG TCC AAC CTG GAC GAA TCC AGC CTG TCG CAG GAG 
Msl.40438                       ATG AAG TGG CAG CTC GCT CTC GGA CTT TTG CTG TGC GCC GCC CTG GTC GTC GCC GTG CCC ACC CAG GAG GAG GAG ACT CTG TCC AAC ATT GAC GAG TCC AGC ATG TCG AAG GAG 
Msl.44594                       ATG AAG TGG CAG CTC GCT CTC GGA CTT TTG CTG TGC GCC GCC CTG GTC GTC GCT GTG CCC ACC CAG GAG GAG GAG ACT CTG TCC AAC ATT GAC GAG TCC AGC ATG TCG GAG GAG 
Msl.44913                       ATG AAG TGG CAG ATC GCT CTC GGA CTT TTG CTG TGC GCA GCC CTG GCC GTC GCC GTG CCC AGC CAG GAG GAG GAG ACT CTG TCC AAC CTG GAC GAG CCC AAC GTG TCG GAG GAG 
Msl.44914                       ATG AAG TGG CAG ATC GCT CTC GGA CTT TTG CTG TGC GCA GCC CTG GCC GTC GCC GTG CCC AGC CAG GAG GAG GAG ACT CTG TCC AAC CTG GAC GAG CCC AAC GTG TCG GAG GAG 
Msl.44915                       ATG AAG TGG CAA CTC GCT CTC GGA CTT TTG CTG TGC GCA GCC CTG GCC GTC GCC GTG CCC AGC CAG GAG GAG GAG ACT CTG TCC AAC CTG GAC GAG TCC AGC GTG TCG GAG GAG 
Msl.44917                       ATG AAG TGG CAA CTC GCT CTC GGA CTT TTG CTG TGC GCA GCC CTG GCC GTC GCC ATG CCC AGC CAG GAG GAG GAG ACT CTG TCC AAC CTG GAC GAG CCC AAC GTG TCG GAG GAG 
Msl.44918                       ATG AAG TGG CAA CTC GCT CTC GGA CTT TTG CTG TTC GCA GCC ATG GCC GTC GCC ATG CCC ACC CAG GAG GAG GAG ACT CTG TCC AAC CTG GAT GAA TCC AGC CTG TCG CAG GAG 
Msl.44919                       ATG AAG TGG CAA CTC GCT CTC GGA CTT TTG CTG TTC GCA GCC ATG GCC GTC GCC ATG CCC ACC CAG GAG GAG GAG ACT CTG TCC AAC CTG GAC GAG TCC AGC CTG TCG CAG GAG 
Msl.44920                       ATG AAG TGG CAA ATC GCT CTC GGA CTT TTG CTG TGC GCA GCC CTG GCC GTC GCC GTG CCC AGC CAG GAG GAG GAG ACT CTG TCC AAC CTG GAC GAG TCC AGC GTG TCG GAG GAG 
Msl.4633                        ATG AAG TGG CAA ATC GCT CTC GGA CTT TTG CTG TGC GCA GCC CTG GCC GTC GCC GTG CCC AGC CAG GAG GAG GAG ACT CTG TCC AAC CTG GAC GAG TCC AGC GTG TCG GAG GAG 
Msl.5736                        ATG AAG TGG CAA CTC GCT CTC GGA CTT CTG CTG TGC GCA GCC CTG GCC GTC GCC ATG CCC AGC CAG GAG GAG GAG ACT CTG TCC AAC CTG GAC GAG TCC AGC GTG TCG GAG GAG 
Msl.5738                        ATG AAG TGG CAA CTC GCT CTC GGA CTT TTG CTG TGC GCA GCC CTG GCC GTC GCC GAG CCC TCA CGA GAG GAG GAG GCT CTG TCC AAC GTT GAC GAG TCC AGC ATG TCG GAG GAG 
Msl.5739                        ATG AAG TGG CAA CTC GCT CTC GGA CTT TTG CTG TGC GCA GCC CTG GCC GTC GCC GTG CCC AGC CAG GAG GAG GAG ACT CTG TCC AAC CTG GAC GAG CCC AAC GTG TCG GAG GAG 
Msl.5740                        ATG AAG TGG CAA CTC GCT CTC GGA CTT TTG CTG TGC GCA GCC CTG GCC GTC GCC GTG CCC AGC CAG GAG GAG GAG ACT CTG TCC AAC CTG GAC GAG TCC AGC GTG TCG GAG GAG 
Msl.5741                        ATG AAG TGG CAA CTC GCT CTC GGA CTT TTG CTG TGC GCA GCC CTG GCC GTC GCC GTG CCC AGC CAG GAG GAG GAG ACT CTG TCC AAC CTG GAC GAG TCC AGC GTG TCG GAG GAG 
Msl.5742                        ATG AAG TGG CAA CTC GCT CTC GGA CTT TTG CTG TTC GCA GCC ATG GCC GTC GCC ATG CCC ACC CAA GAA GAG GAG ACT CTG TCC AAC CTG GAC GAG TCC AGC CTG TCG CAG GAG 
Msl.5743                        ATG AAG TGG CAG ATC GCT CTC GGA CTT TTG CTG TGC GCC GCC CTG GCC GTC GCC GTG CCC AGC CAG GAG GAG GAG ACT CTG TCC AAC CTG GAC GAG CCC AAC GTG TCG GAG GAG 
Msl.5744                        ATG AAG TGG CAA CTC GCT CTC GGA CTT CTG CTG TGC GCA GCC CTG GCC GTC GCC GTG CCC AGC CAG GAG GAG GAG ACT CTG TCC AAC CTG GAC GAG TCC AGC GTG TCG GAG GAG 
Msl.5745                        ATG AAG TGG CAA CTC GCT CTC GGA CTT TTG CTG TTC GCA GCC ATG GCC GTC GCC ATG CCC ACC CAG GAG GAG GAG ACT CTG TCC AAC CTG GAT GAA TCC AGC CTG TCG CAG GAG 
Msl.5746                        ATG AAG TGG CAA CTC GCT CTC GGA CTT TTG CTG TTC GCA GCC ATG GCC GTC GCC ATG CCC ACC CAG GAG GAG GAG ACT CTG TCC AAC CTG GAC GAG TCC AGC CTG TCG CAG GAG 
Msl.5760                        ATG AAG TGG CAA CTG GTT CTC GGA CTT CTT GTG CTC GCA GCC CTG GTC GTT GTC GAG CCC TCG GAG GCC AAG GAG GAT CCG TCC GAC TCG GAC GAT TCC AAG CTG TCG GAG GAG 



Printing out site pattern counts


        36        111  P

Msl.11242                       AAC AAG ACC AGC ATG ATG CAA CAG CCC CTC CTC CTG CTG CTG CTT GAC GAG GAG GAG GAG GAG GAG GCA GCC GCC GCT GCT GCT GGA GTC GTG TCC TCC TCG TGC TGG TTG 
Msl.14209                       ... ... ... ... ... ... ..G ... ... ... ... ... ... ... ... ... A.. ... ... ... ... .T. ..C ... ... A.. ... .TC ... ... A.T ... ... ... ... ... ... 
Msl.22314                       ... ... ... ... ... C.. ... ... ... ... ... A.. ... ... ... ... C.. ..A ... ... ... AT. ... ... ... A.. ... ..C ... ... C.. ... ... ... .T. ... ... 
Msl.26059                       ... ... ... ... ... ... ... ... ... ... ... ... ... ... ... ... ... ... ... ... ... .T. ... ... ... ... ... ... ... ... ... ... ... ... ... ... ... 
Msl.26074                       ... ... ... ... ... ... ... ... ... ... ... ... ... ... ... ... ... ... ... ... ... .T. ... ... ... ... ... ... ... ... ... ... ... ... ... ... ... 
Msl.31195                       ... ... ... ... ... ... ... ... ... ... ... ... ... ... ... ... ... ... ... ... ... ... ... ... ... ... ... ... ... ... ... ... ... ... ... ... ... 
Msl.33054                       ... ... ... ... ... C.. ... ..A ... ... ... A.. ... ... ... ... C.. ... ..A ... ... AT. ... ... ... A.. ... ..C ... ... C.. ... ... ... .T. ... ... 
Msl.33291                       ... ... ... ... ... ... ... ... ... ... ... ... ... ... ... ... ... ... ... ... ... ... ... ... ... ... ... ... ... ... ... ... ... ... ... ... ... 
Msl.34751                       ... ... ... ... ... ... ... ... ... ... ... ... ... ... ... ... ... ... ... ... ... .T. ... ... ... ... ... ... ... ... ... ... ... ... ... ... ... 
Msl.34762                       ... ... ... ... ... ... ... ... ... ... ... ... ... ... ... ... ... ... ... ... ... .T. ... ... ... ... ... ... ... ... ... ... ... ... ... ... ... 
Msl.34929                       ... ... ... ... ... ... ... ... ... ... ... ... ... ... ... ... ... ... ... ... ... .T. ... ... ..T ... ... ... ... ... ... ... ... ... ... ... ... 
Msl.35272                       ... ... ... ... ... ... ... ... ... ... ... ... ... ... ... ... ... ... ... ... ... .T. ... ... ... ... ... ... ... ... ... ... ... ... ... ... ... 
Msl.35439                       ... ... ... ... ... ... ... ... ... ... ... ... ... ... ... ... ... ... ... ... ... .T. ... ... ..T ... ... ... ... ... ... ... ... ... ... ... ... 
Msl.35450                       ... ... ... ... ... ... ... ... ... ... ... ... ... ... ... ... ... ... ... ... ... .T. ... ... ..T ... ... ... ... ... ... ... ... ... ... ... ... 
Msl.38136                       ... ... ... ... ... C.. ... ... ... ... ... A.. ... ... ... ... C.. ..A ... ... ... AT. ... ... ... A.. ... ..C ... ... C.. ... ... ... .T. ... ... 
Msl.40438                       ... ... ... ... ... ... ..G ... ... ... ... ... ... ... ... ... A.. ... ... ... ... .T. ..C ... ... A.. ... .TC ... ... A.T ... ... ... ... ... ... 
Msl.44594                       ... ... ... ... ... ... ..G ... ... ... ... ... ... ... ... ... ... ... ... ... ... .T. ..C ... ..T A.. ... .TC ... ... A.T ... ... ... ... ... ... 
Msl.44913                       ... ... .G. .A. ... G.. ..G ... ... A.. ... ... ... ... ... ... ... ... ... ... ... .T. ... ... ... A.. ... ..C ... ... C.. C.. ... ... ... ... ... 
Msl.44914                       ... ... .G. .A. ... G.. ..G ... ... A.. ... ... ... ... ... ... ... ... ... ... ... .T. ... ... ... A.. ... ..C ... ... C.. C.. ... ... ... ... ... 
Msl.44915                       ... ... .G. ... ... G.. ... ... ... ... ... ... ... ... ... ... ... ... ... ... ... .T. ... ... ... A.. ... ..C ... ... C.. ... ... ... ... ... ... 
Msl.44917                       ... ... .G. .A. ... G.. ... ... ... ... ... ... ... ... ... ... ... ... ... ... ... AT. ... ... ... A.. ... ..C ... ... C.. C.. ... ... ... ... ... 
Msl.44918                       ... ... ... ... ... C.. ... ... ... ... ... A.. ... ... ... ..T C.. ..A ... ... ... AT. ... ... ... A.. ... ..C ... ... C.. ... ... ... .T. ... ... 
Msl.44919                       ... ... ... ... ... C.. ... ... ... ... ... A.. ... ... ... ... C.. ... ... ... ... AT. ... ... ... A.. ... ..C ... ... C.. ... ... ... .T. ... ... 
Msl.44920                       ... ... .G. ... ... G.. ... ... ... A.. ... ... ... ... ... ... ... ... ... ... ... .T. ... ... ... A.. ... ..C ... ... C.. ... ... ... ... ... ... 
Msl.4633                        ... ... .G. ... ... G.. ... ... ... A.. ... ... ... ... ... ... ... ... ... ... ... .T. ... ... ... A.. ... ..C ... ... C.. ... ... ... ... ... ... 
Msl.5736                        ... ... .G. ... ... G.. ... ... ... ... ... ... ... ... ... ... ... ... ... ... ... AT. ... ... ... A.. ... ..C ... ... C.. ... ... ... ... ... C.. 
Msl.5738                        ... ... T.A ... ... ... ... .GA ... ... ... ... ... ... ... ... ... ... ... ... ... ... ... ... ... ... ... ..C ... ... ..T ... ... ... ... ... ... 
Msl.5739                        ... ... .G. .A. ... G.. ... ... ... ... ... ... ... ... ... ... ... ... ... ... ... .T. ... ... ... A.. ... ..C ... ... C.. C.. ... ... ... ... ... 
Msl.5740                        ... ... .G. ... ... G.. ... ... ... ... ... ... ... ... ... ... ... ... ... ... ... .T. ... ... ... A.. ... ..C ... ... C.. ... ... ... ... ... ... 
Msl.5741                        ... ... .G. ... ... G.. ... ... ... ... ... ... ... ... ... ... ... ... ... ... ... .T. ... ... ... A.. ... ..C ... ... C.. ... ... ... ... ... ... 
Msl.5742                        ... ... ... ... ... C.. ... ..A ... ... ... A.. ... ... ... ... C.. ... ..A ... ... AT. ... ... ... A.. ... ..C ... ... C.. ... ... ... .T. ... ... 
Msl.5743                        ... ... .G. .A. ... G.. ..G ... ... A.. ... ... ... ... ... ... ... ... ... ... ... .T. ..C ... ... A.. ... ..C ... ... C.. C.. ... ... ... ... ... 
Msl.5744                        ... ... .G. ... ... G.. ... ... ... ... ... ... ... ... ... ... ... ... ... ... ... .T. ... ... ... A.. ... ..C ... ... C.. ... ... ... ... ... C.. 
Msl.5745                        ... ... ... ... ... C.. ... ... ... ... ... A.. ... ... ... ..T C.. ..A ... ... ... AT. ... ... ... A.. ... ..C ... ... C.. ... ... ... .T. ... ... 
Msl.5746                        ... ... ... ... ... C.. ... ... ... ... ... A.. ... ... ... ... C.. ... ... ... ... AT. ... ... ... A.. ... ..C ... ... C.. ... ... ... .T. ... ... 
Msl.5760                        G.. ... T.G .AG ... C.. ... G.. ... ..G ... ... .C. G.. ... ... ... ..T .CC A.. ... ... ... ... .T. .A. .T. .TC ... ..T TC. ... ... ... CT. ... C.T 

    1    1    1    1    1    1    1    1    1    1    1    1    1    1    1
    1    1    1    1    1    2    1    1    1    1    1    1    1    1    1
    1    1    1    1    1    1    1

CODONML (in paml version 4.8a, July 2014)  algn
Model: One dN/dS ratio for branches, 
Codon frequency model: F3x4
Site-class models:  beta&w>1 (9 categories)
ns =  36  ls =  38

Codon usage in sequences
--------------------------------------------------------------------------------------------------------------------------------------
Phe TTT   0   0   0   0   0   0 | Ser TCT   0   0   0   0   0   0 | Tyr TAT   0   0   0   0   0   0 | Cys TGT   0   0   0   0   0   0
    TTC   0   0   1   0   0   0 |     TCC   2   2   2   2   2   2 |     TAC   0   0   0   0   0   0 |     TGC   1   1   0   1   1   1
Leu TTA   0   0   0   0   0   0 |     TCA   0   0   0   0   0   0 | *** TAA   0   0   0   0   0   0 | *** TGA   0   0   0   0   0   0
    TTG   1   1   1   1   1   1 |     TCG   1   1   1   1   1   1 |     TAG   0   0   0   0   0   0 | Trp TGG   1   1   1   1   1   1
--------------------------------------------------------------------------------------------------------------------------------------
Leu CTT   1   1   1   1   1   1 | Pro CCT   0   0   0   0   0   0 | His CAT   0   0   0   0   0   0 | Arg CGT   0   0   0   0   0   0
    CTC   2   2   2   2   2   2 |     CCC   1   1   1   1   1   1 |     CAC   0   0   0   0   0   0 |     CGC   0   0   0   0   0   0
    CTA   0   0   0   0   0   0 |     CCA   0   0   0   0   0   0 | Gln CAA   1   0   1   1   1   1 |     CGA   0   0   0   0   0   0
    CTG   3   3   4   3   3   3 |     CCG   0   0   0   0   0   0 |     CAG   1   2   2   1   1   1 |     CGG   0   0   0   0   0   0
--------------------------------------------------------------------------------------------------------------------------------------
Ile ATT   0   1   0   0   0   0 | Thr ACT   0   1   1   0   0   0 | Asn AAT   0   0   0   0   0   0 | Ser AGT   0   0   0   0   0   0
    ATC   0   0   0   0   0   0 |     ACC   1   1   1   1   1   1 |     AAC   1   1   1   1   1   1 |     AGC   1   1   1   1   1   1
    ATA   0   0   0   0   0   0 |     ACA   0   0   0   0   0   0 | Lys AAA   0   0   0   0   0   0 | Arg AGA   0   0   0   0   0   0
Met ATG   2   2   3   2   2   2 |     ACG   0   0   0   0   0   0 |     AAG   1   2   1   1   1   1 |     AGG   0   0   0   0   0   0
--------------------------------------------------------------------------------------------------------------------------------------
Val GTT   0   0   0   0   0   0 | Ala GCT   3   1   1   3   3   3 | Asp GAT   0   0   0   0   0   0 | Gly GGT   0   0   0   0   0   0
    GTC   1   2   1   1   1   1 |     GCC   2   3   3   2   2   2 |     GAC   1   1   1   1   1   1 |     GGC   0   0   0   0   0   0
    GTA   0   0   0   0   0   0 |     GCA   1   0   1   1   1   1 | Glu GAA   0   0   1   0   0   0 |     GGA   1   1   1   1   1   1
    GTG   1   1   0   2   2   1 |     GCG   0   0   0   0   0   0 |     GAG   7   5   4   6   6   7 |     GGG   0   0   0   0   0   0
--------------------------------------------------------------------------------------------------------------------------------------

--------------------------------------------------------------------------------------------------------------------------------------
Phe TTT   0   0   0   0   0   0 | Ser TCT   0   0   0   0   0   0 | Tyr TAT   0   0   0   0   0   0 | Cys TGT   0   0   0   0   0   0
    TTC   1   0   0   0   0   0 |     TCC   2   2   2   2   2   2 |     TAC   0   0   0   0   0   0 |     TGC   0   1   1   1   1   1
Leu TTA   0   0   0   0   0   0 |     TCA   0   0   0   0   0   0 | *** TAA   0   0   0   0   0   0 | *** TGA   0   0   0   0   0   0
    TTG   1   1   1   1   1   1 |     TCG   1   1   1   1   1   1 |     TAG   0   0   0   0   0   0 | Trp TGG   1   1   1   1   1   1
--------------------------------------------------------------------------------------------------------------------------------------
Leu CTT   1   1   1   1   1   1 | Pro CCT   0   0   0   0   0   0 | His CAT   0   0   0   0   0   0 | Arg CGT   0   0   0   0   0   0
    CTC   2   2   2   2   2   2 |     CCC   1   1   1   1   1   1 |     CAC   0   0   0   0   0   0 |     CGC   0   0   0   0   0   0
    CTA   0   0   0   0   0   0 |     CCA   0   0   0   0   0   0 | Gln CAA   2   1   1   1   1   1 |     CGA   0   0   0   0   0   0
    CTG   4   3   3   3   3   3 |     CCG   0   0   0   0   0   0 |     CAG   1   1   1   1   1   1 |     CGG   0   0   0   0   0   0
--------------------------------------------------------------------------------------------------------------------------------------
Ile ATT   0   0   0   0   0   0 | Thr ACT   1   0   0   0   0   0 | Asn AAT   0   0   0   0   0   0 | Ser AGT   0   0   0   0   0   0
    ATC   0   0   0   0   0   0 |     ACC   1   1   1   1   1   1 |     AAC   1   1   1   1   1   1 |     AGC   1   1   1   1   1   1
    ATA   0   0   0   0   0   0 |     ACA   0   0   0   0   0   0 | Lys AAA   0   0   0   0   0   0 | Arg AGA   0   0   0   0   0   0
Met ATG   3   2   2   2   2   2 |     ACG   0   0   0   0   0   0 |     AAG   1   1   1   1   1   1 |     AGG   0   0   0   0   0   0
--------------------------------------------------------------------------------------------------------------------------------------
Val GTT   0   0   0   0   0   0 | Ala GCT   1   3   3   3   4   3 | Asp GAT   0   0   0   0   0   0 | Gly GGT   0   0   0   0   0   0
    GTC   1   1   1   1   1   1 |     GCC   3   2   2   2   1   2 |     GAC   1   1   1   1   1   1 |     GGC   0   0   0   0   0   0
    GTA   0   0   0   0   0   0 |     GCA   1   1   1   1   1   1 | Glu GAA   1   0   0   0   0   0 |     GGA   1   1   1   1   1   1
    GTG   0   1   2   2   2   2 |     GCG   0   0   0   0   0   0 |     GAG   4   7   6   6   6   6 |     GGG   0   0   0   0   0   0
--------------------------------------------------------------------------------------------------------------------------------------

--------------------------------------------------------------------------------------------------------------------------------------
Phe TTT   0   0   0   0   0   0 | Ser TCT   0   0   0   0   0   0 | Tyr TAT   0   0   0   0   0   0 | Cys TGT   0   0   0   0   0   0
    TTC   0   0   1   0   0   0 |     TCC   2   2   2   2   2   1 |     TAC   0   0   0   0   0   0 |     TGC   1   1   0   1   1   1
Leu TTA   0   0   0   0   0   0 |     TCA   0   0   0   0   0   0 | *** TAA   0   0   0   0   0   0 | *** TGA   0   0   0   0   0   0
    TTG   1   1   1   1   1   1 |     TCG   1   1   1   1   1   1 |     TAG   0   0   0   0   0   0 | Trp TGG   1   1   1   1   1   1
--------------------------------------------------------------------------------------------------------------------------------------
Leu CTT   1   1   1   1   1   1 | Pro CCT   0   0   0   0   0   0 | His CAT   0   0   0   0   0   0 | Arg CGT   0   0   0   0   0   0
    CTC   2   2   2   2   2   1 |     CCC   1   1   1   1   1   2 |     CAC   0   0   0   0   0   0 |     CGC   0   0   0   0   0   0
    CTA   0   0   0   0   0   0 |     CCA   0   0   0   0   0   0 | Gln CAA   1   1   1   0   0   0 |     CGA   0   0   0   0   0   0
    CTG   3   3   4   3   3   4 |     CCG   0   0   0   0   0   0 |     CAG   1   1   2   2   2   2 |     CGG   0   0   0   0   0   0
--------------------------------------------------------------------------------------------------------------------------------------
Ile ATT   0   0   0   1   1   0 | Thr ACT   0   0   1   1   1   1 | Asn AAT   0   0   0   0   0   0 | Ser AGT   0   0   0   0   0   0
    ATC   0   0   0   0   0   1 |     ACC   1   1   1   1   1   0 |     AAC   1   1   1   1   1   2 |     AGC   1   1   1   1   1   1
    ATA   0   0   0   0   0   0 |     ACA   0   0   0   0   0   0 | Lys AAA   0   0   0   0   0   0 | Arg AGA   0   0   0   0   0   0
Met ATG   2   2   3   2   2   1 |     ACG   0   0   0   0   0   0 |     AAG   1   1   1   2   1   1 |     AGG   0   0   0   0   0   0
--------------------------------------------------------------------------------------------------------------------------------------
Val GTT   0   0   0   0   0   0 | Ala GCT   4   4   1   1   2   1 | Asp GAT   0   0   0   0   0   0 | Gly GGT   0   0   0   0   0   0
    GTC   1   1   1   2   2   1 |     GCC   1   1   3   3   2   3 |     GAC   1   1   1   1   1   1 |     GGC   0   0   0   0   0   0
    GTA   0   0   0   0   0   0 |     GCA   1   1   1   0   0   1 | Glu GAA   0   0   1   0   0   0 |     GGA   1   1   1   1   1   1
    GTG   2   2   0   1   1   2 |     GCG   0   0   0   0   0   0 |     GAG   6   6   4   5   6   6 |     GGG   0   0   0   0   0   0
--------------------------------------------------------------------------------------------------------------------------------------

--------------------------------------------------------------------------------------------------------------------------------------
Phe TTT   0   0   0   0   0   0 | Ser TCT   0   0   0   0   0   0 | Tyr TAT   0   0   0   0   0   0 | Cys TGT   0   0   0   0   0   0
    TTC   0   0   0   1   1   0 |     TCC   1   2   1   2   2   2 |     TAC   0   0   0   0   0   0 |     TGC   1   1   1   0   0   1
Leu TTA   0   0   0   0   0   0 |     TCA   0   0   0   0   0   0 | *** TAA   0   0   0   0   0   0 | *** TGA   0   0   0   0   0   0
    TTG   1   1   1   1   1   1 |     TCG   1   1   1   1   1   1 |     TAG   0   0   0   0   0   0 | Trp TGG   1   1   1   1   1   1
--------------------------------------------------------------------------------------------------------------------------------------
Leu CTT   1   1   1   1   1   1 | Pro CCT   0   0   0   0   0   0 | His CAT   0   0   0   0   0   0 | Arg CGT   0   0   0   0   0   0
    CTC   1   2   2   2   2   1 |     CCC   2   1   2   1   1   1 |     CAC   0   0   0   0   0   0 |     CGC   0   0   0   0   0   0
    CTA   0   0   0   0   0   0 |     CCA   0   0   0   0   0   0 | Gln CAA   0   1   1   1   1   1 |     CGA   0   0   0   0   0   0
    CTG   4   4   4   4   4   4 |     CCG   0   0   0   0   0   0 |     CAG   2   1   1   2   2   1 |     CGG   0   0   0   0   0   0
--------------------------------------------------------------------------------------------------------------------------------------
Ile ATT   0   0   0   0   0   0 | Thr ACT   1   1   1   1   1   1 | Asn AAT   0   0   0   0   0   0 | Ser AGT   0   0   0   0   0   0
    ATC   1   0   0   0   0   1 |     ACC   0   0   0   1   1   0 |     AAC   2   1   2   1   1   1 |     AGC   1   2   1   1   1   2
    ATA   0   0   0   0   0   0 |     ACA   0   0   0   0   0   0 | Lys AAA   0   0   0   0   0   0 | Arg AGA   0   0   0   0   0   0
Met ATG   1   1   2   3   3   1 |     ACG   0   0   0   0   0   0 |     AAG   1   1   1   1   1   1 |     AGG   0   0   0   0   0   0
--------------------------------------------------------------------------------------------------------------------------------------
Val GTT   0   0   0   0   0   0 | Ala GCT   1   1   1   1   1   1 | Asp GAT   0   0   0   1   0   0 | Gly GGT   0   0   0   0   0   0
    GTC   1   1   1   1   1   1 |     GCC   3   3   3   3   3   3 |     GAC   1   1   1   0   1   1 |     GGC   0   0   0   0   0   0
    GTA   0   0   0   0   0   0 |     GCA   1   1   1   1   1   1 | Glu GAA   0   0   0   1   0   0 |     GGA   1   1   1   1   1   1
    GTG   2   2   1   0   0   2 |     GCG   0   0   0   0   0   0 |     GAG   6   6   6   4   5   6 |     GGG   0   0   0   0   0   0
--------------------------------------------------------------------------------------------------------------------------------------

--------------------------------------------------------------------------------------------------------------------------------------
Phe TTT   0   0   0   0   0   0 | Ser TCT   0   0   0   0   0   0 | Tyr TAT   0   0   0   0   0   0 | Cys TGT   0   0   0   0   0   0
    TTC   0   0   0   0   0   0 |     TCC   2   2   2   1   2   2 |     TAC   0   0   0   0   0   0 |     TGC   1   1   1   1   1   1
Leu TTA   0   0   0   0   0   0 |     TCA   0   0   1   0   0   0 | *** TAA   0   0   0   0   0   0 | *** TGA   0   0   0   0   0   0
    TTG   1   0   1   1   1   1 |     TCG   1   1   1   1   1   1 |     TAG   0   0   0   0   0   0 | Trp TGG   1   1   1   1   1   1
--------------------------------------------------------------------------------------------------------------------------------------
Leu CTT   1   1   1   1   1   1 | Pro CCT   0   0   0   0   0   0 | His CAT   0   0   0   0   0   0 | Arg CGT   0   0   0   0   0   0
    CTC   1   2   2   2   2   2 |     CCC   1   1   1   2   1   1 |     CAC   0   0   0   0   0   0 |     CGC   0   0   0   0   0   0
    CTA   0   0   0   0   0   0 |     CCA   0   0   0   0   0   0 | Gln CAA   1   1   1   1   1   1 |     CGA   0   0   1   0   0   0
    CTG   4   5   3   4   4   4 |     CCG   0   0   0   0   0   0 |     CAG   1   1   0   1   1   1 |     CGG   0   0   0   0   0   0
--------------------------------------------------------------------------------------------------------------------------------------
Ile ATT   0   0   0   0   0   0 | Thr ACT   1   1   0   1   1   1 | Asn AAT   0   0   0   0   0   0 | Ser AGT   0   0   0   0   0   0
    ATC   1   0   0   0   0   0 |     ACC   0   0   0   0   0   0 |     AAC   1   1   1   2   1   1 |     AGC   2   2   1   1   2   2
    ATA   0   0   0   0   0   0 |     ACA   0   0   0   0   0   0 | Lys AAA   0   0   0   0   0   0 | Arg AGA   0   0   0   0   0   0
Met ATG   1   2   2   1   1   1 |     ACG   0   0   0   0   0   0 |     AAG   1   1   1   1   1   1 |     AGG   0   0   0   0   0   0
--------------------------------------------------------------------------------------------------------------------------------------
Val GTT   0   0   1   0   0   0 | Ala GCT   1   1   2   1   1   1 | Asp GAT   0   0   0   0   0   0 | Gly GGT   0   0   0   0   0   0
    GTC   1   1   1   1   1   1 |     GCC   3   3   3   3   3   3 |     GAC   1   1   1   1   1   1 |     GGC   0   0   0   0   0   0
    GTA   0   0   0   0   0   0 |     GCA   1   1   1   1   1   1 | Glu GAA   0   0   0   0   0   0 |     GGA   1   1   1   1   1   1
    GTG   2   1   0   2   2   2 |     GCG   0   0   0   0   0   0 |     GAG   6   6   7   6   6   6 |     GGG   0   0   0   0   0   0
--------------------------------------------------------------------------------------------------------------------------------------

--------------------------------------------------------------------------------------------------------------------------------------
Phe TTT   0   0   0   0   0   0 | Ser TCT   0   0   0   0   0   0 | Tyr TAT   0   0   0   0   0   0 | Cys TGT   0   0   0   0   0   0
    TTC   1   0   0   1   1   0 |     TCC   2   1   2   2   2   2 |     TAC   0   0   0   0   0   0 |     TGC   0   1   1   0   0   0
Leu TTA   0   0   0   0   0   0 |     TCA   0   0   0   0   0   0 | *** TAA   0   0   0   0   0   0 | *** TGA   0   0   0   0   0   0
    TTG   1   1   0   1   1   0 |     TCG   1   1   1   1   1   3 |     TAG   0   0   0   0   0   0 | Trp TGG   1   1   1   1   1   1
--------------------------------------------------------------------------------------------------------------------------------------
Leu CTT   1   1   1   1   1   2 | Pro CCT   0   0   0   0   0   0 | His CAT   0   0   0   0   0   0 | Arg CGT   0   0   0   0   0   0
    CTC   2   1   2   2   2   2 |     CCC   1   2   1   1   1   1 |     CAC   0   0   0   0   0   0 |     CGC   0   0   0   0   0   0
    CTA   0   0   0   0   0   0 |     CCA   0   0   0   0   0   0 | Gln CAA   2   0   1   1   1   1 |     CGA   0   0   0   0   0   0
    CTG   4   4   5   4   4   3 |     CCG   0   0   0   0   0   1 |     CAG   1   2   1   2   2   0 |     CGG   0   0   0   0   0   0
--------------------------------------------------------------------------------------------------------------------------------------
Ile ATT   0   0   0   0   0   0 | Thr ACT   1   1   1   1   1   0 | Asn AAT   0   0   0   0   0   0 | Ser AGT   0   0   0   0   0   0
    ATC   0   1   0   0   0   0 |     ACC   1   0   0   1   1   0 |     AAC   1   2   1   1   1   0 |     AGC   1   1   2   1   1   0
    ATA   0   0   0   0   0   0 |     ACA   0   0   0   0   0   0 | Lys AAA   0   0   0   0   0   0 | Arg AGA   0   0   0   0   0   0
Met ATG   3   1   1   3   3   1 |     ACG   0   0   0   0   0   0 |     AAG   1   1   1   1   1   3 |     AGG   0   0   0   0   0   0
--------------------------------------------------------------------------------------------------------------------------------------
Val GTT   0   0   0   0   0   2 | Ala GCT   1   1   1   1   1   0 | Asp GAT   0   0   0   1   0   2 | Gly GGT   0   0   0   0   0   0
    GTC   1   1   1   1   1   2 |     GCC   3   4   3   3   3   2 |     GAC   1   1   1   0   1   2 |     GGC   0   0   0   0   0   0
    GTA   0   0   0   0   0   0 |     GCA   1   0   1   1   1   1 | Glu GAA   1   0   0   1   0   0 |     GGA   1   1   1   1   1   1
    GTG   0   2   2   0   0   1 |     GCG   0   0   0   0   0   0 |     GAG   4   6   6   4   5   5 |     GGG   0   0   0   0   0   0
--------------------------------------------------------------------------------------------------------------------------------------

Codon position x base (3x4) table for each sequence.

#1: Msl.11242      
position  1:    T:0.15789    C:0.23684    A:0.15789    G:0.44737
position  2:    T:0.28947    C:0.28947    A:0.31579    G:0.10526
position  3:    T:0.10526    C:0.34211    A:0.07895    G:0.47368
Average         T:0.18421    C:0.28947    A:0.18421    G:0.34211

#2: Msl.14209      
position  1:    T:0.15789    C:0.23684    A:0.23684    G:0.36842
position  2:    T:0.34211    C:0.26316    A:0.28947    G:0.10526
position  3:    T:0.10526    C:0.39474    A:0.02632    G:0.47368
Average         T:0.20175    C:0.29825    A:0.18421    G:0.31579

#3: Msl.22314      
position  1:    T:0.15789    C:0.28947    A:0.21053    G:0.34211
position  2:    T:0.34211    C:0.28947    A:0.28947    G:0.07895
position  3:    T:0.07895    C:0.36842    A:0.10526    G:0.44737
Average         T:0.19298    C:0.31579    A:0.20175    G:0.28947

#4: Msl.26059      
position  1:    T:0.15789    C:0.23684    A:0.15789    G:0.44737
position  2:    T:0.31579    C:0.28947    A:0.28947    G:0.10526
position  3:    T:0.10526    C:0.34211    A:0.07895    G:0.47368
Average         T:0.19298    C:0.28947    A:0.17544    G:0.34211

#5: Msl.26074      
position  1:    T:0.15789    C:0.23684    A:0.15789    G:0.44737
position  2:    T:0.31579    C:0.28947    A:0.28947    G:0.10526
position  3:    T:0.10526    C:0.34211    A:0.07895    G:0.47368
Average         T:0.19298    C:0.28947    A:0.17544    G:0.34211

#6: Msl.31195      
position  1:    T:0.15789    C:0.23684    A:0.15789    G:0.44737
position  2:    T:0.28947    C:0.28947    A:0.31579    G:0.10526
position  3:    T:0.10526    C:0.34211    A:0.07895    G:0.47368
Average         T:0.18421    C:0.28947    A:0.18421    G:0.34211

#7: Msl.33054      
position  1:    T:0.15789    C:0.28947    A:0.21053    G:0.34211
position  2:    T:0.34211    C:0.28947    A:0.28947    G:0.07895
position  3:    T:0.07895    C:0.36842    A:0.13158    G:0.42105
Average         T:0.19298    C:0.31579    A:0.21053    G:0.28070

#8: Msl.33291      
position  1:    T:0.15789    C:0.23684    A:0.15789    G:0.44737
position  2:    T:0.28947    C:0.28947    A:0.31579    G:0.10526
position  3:    T:0.10526    C:0.34211    A:0.07895    G:0.47368
Average         T:0.18421    C:0.28947    A:0.18421    G:0.34211

#9: Msl.34751      
position  1:    T:0.15789    C:0.23684    A:0.15789    G:0.44737
position  2:    T:0.31579    C:0.28947    A:0.28947    G:0.10526
position  3:    T:0.10526    C:0.34211    A:0.07895    G:0.47368
Average         T:0.19298    C:0.28947    A:0.17544    G:0.34211

#10: Msl.34762      
position  1:    T:0.15789    C:0.23684    A:0.15789    G:0.44737
position  2:    T:0.31579    C:0.28947    A:0.28947    G:0.10526
position  3:    T:0.10526    C:0.34211    A:0.07895    G:0.47368
Average         T:0.19298    C:0.28947    A:0.17544    G:0.34211

#11: Msl.34929      
position  1:    T:0.15789    C:0.23684    A:0.15789    G:0.44737
position  2:    T:0.31579    C:0.28947    A:0.28947    G:0.10526
position  3:    T:0.13158    C:0.31579    A:0.07895    G:0.47368
Average         T:0.20175    C:0.28070    A:0.17544    G:0.34211

#12: Msl.35272      
position  1:    T:0.15789    C:0.23684    A:0.15789    G:0.44737
position  2:    T:0.31579    C:0.28947    A:0.28947    G:0.10526
position  3:    T:0.10526    C:0.34211    A:0.07895    G:0.47368
Average         T:0.19298    C:0.28947    A:0.17544    G:0.34211

#13: Msl.35439      
position  1:    T:0.15789    C:0.23684    A:0.15789    G:0.44737
position  2:    T:0.31579    C:0.28947    A:0.28947    G:0.10526
position  3:    T:0.13158    C:0.31579    A:0.07895    G:0.47368
Average         T:0.20175    C:0.28070    A:0.17544    G:0.34211

#14: Msl.35450      
position  1:    T:0.15789    C:0.23684    A:0.15789    G:0.44737
position  2:    T:0.31579    C:0.28947    A:0.28947    G:0.10526
position  3:    T:0.13158    C:0.31579    A:0.07895    G:0.47368
Average         T:0.20175    C:0.28070    A:0.17544    G:0.34211

#15: Msl.38136      
position  1:    T:0.15789    C:0.28947    A:0.21053    G:0.34211
position  2:    T:0.34211    C:0.28947    A:0.28947    G:0.07895
position  3:    T:0.07895    C:0.36842    A:0.10526    G:0.44737
Average         T:0.19298    C:0.31579    A:0.20175    G:0.28947

#16: Msl.40438      
position  1:    T:0.15789    C:0.23684    A:0.23684    G:0.36842
position  2:    T:0.34211    C:0.26316    A:0.28947    G:0.10526
position  3:    T:0.10526    C:0.39474    A:0.02632    G:0.47368
Average         T:0.20175    C:0.29825    A:0.18421    G:0.31579

#17: Msl.44594      
position  1:    T:0.15789    C:0.23684    A:0.21053    G:0.39474
position  2:    T:0.34211    C:0.26316    A:0.28947    G:0.10526
position  3:    T:0.13158    C:0.36842    A:0.02632    G:0.47368
Average         T:0.21053    C:0.28947    A:0.17544    G:0.32456

#18: Msl.44913      
position  1:    T:0.13158    C:0.26316    A:0.18421    G:0.42105
position  2:    T:0.31579    C:0.26316    A:0.31579    G:0.10526
position  3:    T:0.07895    C:0.36842    A:0.05263    G:0.50000
Average         T:0.17544    C:0.29825    A:0.18421    G:0.34211

#19: Msl.44914      
position  1:    T:0.13158    C:0.26316    A:0.18421    G:0.42105
position  2:    T:0.31579    C:0.26316    A:0.31579    G:0.10526
position  3:    T:0.07895    C:0.36842    A:0.05263    G:0.50000
Average         T:0.17544    C:0.29825    A:0.18421    G:0.34211

#20: Msl.44915      
position  1:    T:0.15789    C:0.26316    A:0.15789    G:0.42105
position  2:    T:0.31579    C:0.26316    A:0.28947    G:0.13158
position  3:    T:0.07895    C:0.36842    A:0.07895    G:0.47368
Average         T:0.18421    C:0.29825    A:0.17544    G:0.34211

#21: Msl.44917      
position  1:    T:0.13158    C:0.28947    A:0.18421    G:0.39474
position  2:    T:0.31579    C:0.26316    A:0.31579    G:0.10526
position  3:    T:0.07895    C:0.36842    A:0.07895    G:0.47368
Average         T:0.17544    C:0.30702    A:0.19298    G:0.32456

#22: Msl.44918      
position  1:    T:0.15789    C:0.28947    A:0.21053    G:0.34211
position  2:    T:0.34211    C:0.28947    A:0.28947    G:0.07895
position  3:    T:0.10526    C:0.34211    A:0.10526    G:0.44737
Average         T:0.20175    C:0.30702    A:0.20175    G:0.28947

#23: Msl.44919      
position  1:    T:0.15789    C:0.28947    A:0.21053    G:0.34211
position  2:    T:0.34211    C:0.28947    A:0.28947    G:0.07895
position  3:    T:0.07895    C:0.36842    A:0.07895    G:0.47368
Average         T:0.19298    C:0.31579    A:0.19298    G:0.29825

#24: Msl.44920      
position  1:    T:0.15789    C:0.23684    A:0.18421    G:0.42105
position  2:    T:0.31579    C:0.26316    A:0.28947    G:0.13158
position  3:    T:0.07895    C:0.36842    A:0.07895    G:0.47368
Average         T:0.18421    C:0.28947    A:0.18421    G:0.34211

#25: Msl.4633       
position  1:    T:0.15789    C:0.23684    A:0.18421    G:0.42105
position  2:    T:0.31579    C:0.26316    A:0.28947    G:0.13158
position  3:    T:0.07895    C:0.36842    A:0.07895    G:0.47368
Average         T:0.18421    C:0.28947    A:0.18421    G:0.34211

#26: Msl.5736       
position  1:    T:0.13158    C:0.28947    A:0.18421    G:0.39474
position  2:    T:0.31579    C:0.26316    A:0.28947    G:0.13158
position  3:    T:0.07895    C:0.36842    A:0.07895    G:0.47368
Average         T:0.17544    C:0.30702    A:0.18421    G:0.33333

#27: Msl.5738       
position  1:    T:0.18421    C:0.23684    A:0.13158    G:0.44737
position  2:    T:0.28947    C:0.28947    A:0.28947    G:0.13158
position  3:    T:0.10526    C:0.34211    A:0.13158    G:0.42105
Average         T:0.19298    C:0.28947    A:0.18421    G:0.33333

#28: Msl.5739       
position  1:    T:0.13158    C:0.28947    A:0.15789    G:0.42105
position  2:    T:0.31579    C:0.26316    A:0.31579    G:0.10526
position  3:    T:0.07895    C:0.36842    A:0.07895    G:0.47368
Average         T:0.17544    C:0.30702    A:0.18421    G:0.33333

#29: Msl.5740       
position  1:    T:0.15789    C:0.26316    A:0.15789    G:0.42105
position  2:    T:0.31579    C:0.26316    A:0.28947    G:0.13158
position  3:    T:0.07895    C:0.36842    A:0.07895    G:0.47368
Average         T:0.18421    C:0.29825    A:0.17544    G:0.34211

#30: Msl.5741       
position  1:    T:0.15789    C:0.26316    A:0.15789    G:0.42105
position  2:    T:0.31579    C:0.26316    A:0.28947    G:0.13158
position  3:    T:0.07895    C:0.36842    A:0.07895    G:0.47368
Average         T:0.18421    C:0.29825    A:0.17544    G:0.34211

#31: Msl.5742       
position  1:    T:0.15789    C:0.28947    A:0.21053    G:0.34211
position  2:    T:0.34211    C:0.28947    A:0.28947    G:0.07895
position  3:    T:0.07895    C:0.36842    A:0.13158    G:0.42105
Average         T:0.19298    C:0.31579    A:0.21053    G:0.28070

#32: Msl.5743       
position  1:    T:0.13158    C:0.26316    A:0.18421    G:0.42105
position  2:    T:0.31579    C:0.26316    A:0.31579    G:0.10526
position  3:    T:0.07895    C:0.39474    A:0.02632    G:0.50000
Average         T:0.17544    C:0.30702    A:0.17544    G:0.34211

#33: Msl.5744       
position  1:    T:0.13158    C:0.28947    A:0.15789    G:0.42105
position  2:    T:0.31579    C:0.26316    A:0.28947    G:0.13158
position  3:    T:0.07895    C:0.36842    A:0.07895    G:0.47368
Average         T:0.17544    C:0.30702    A:0.17544    G:0.34211

#34: Msl.5745       
