     21     36

stm.11344                       GGA TAT GGG TTA GTC ACT GCT CAT AAA GAT ATT AAT 
stm.12055                       GGA TAT GGT TTA GTC ACT GCT CAA ACA GAT ATT AAT 
stm.12338                       GGA TAT GGT TTA GTC ACG GCT CAT ACA GAT ATT AAT 
stm.12545                       GGG TAT GGT TTA GTC ACT GCT CAT ACA GAT ATT AAT 
stm.13417                       GGA TAT GGT TTA GTC ACT GCT CAT ACA GAT ATT AAT 
stm.13983                       GGA TAT GGT TTA GTC ACT GCT CAT ACA GAT ATT ATT 
stm.1758                        GGA TAT GGT TTA GTC AAG CCT CAT ACA AAT ATT AAT 
stm.17915                       GGA TAT GGT TTA GTG ACT GCT TAT ACA GAT ATT AAT 
stm.18396                       GGA TAT GGT TTA GTT ACT GCT CAT ACA GAT ATT AAT 
stm.19010                       GGA TAT GGT TTA GTC ACT GCT CAT ACA GAT ATT AAT 
stm.22585                       GGA TAT GGT TTA GTC ACT TGT CAT ACA GAT ATT AAT 
stm.24764                       GGA TAT GGT TTA GTC ACG GCT CAT ACA GAT ATT AAT 
stm.25816                       GGA TAT GGT TTA GTT AAT GCT CAT ACA GAT ATT AGT 
stm.4526                        GGA TTT GGT TTA GTC ACT GCT CAT ACA GAT ATT AAT 
stm.601                         GGA TAT GGT TTA GTC ACT GCT CAT AAA GAT ATT AAT 
stm.6590                        GGA TAT GGT TTA GTC ACT GCT CAT ACA GAT ATT AAT 
stm.6729                        GGA TAT GGT TTA GTC ACT GCT CAT ACA GAT ATT AAT 
stm.7219                        CGA TAT GTT TTA GTC ACT GCC CAT ACA GAT ATT AAT 
stm.7858                        GGA TAT GGT TTA GTC ACT GCT CAT ACA GGT ATT AAT 
stm.8054                        GGA TAT GGT TTA GTC ACT GCT CAT ACA GAT ATT AAT 
stm.8246                        AGA TAT GGT TTA GTC ACT GCT CAT ACA GAT ATT AAG 



Printing out site pattern counts


        21         36  P

stm.11344                       AAA AAT ACT ATT CAT GAT GCT GGA GGG GTC TAT TTA 
stm.12055                       .C. ... ... ... ..A ... ... ... ..T ... ... ... 
stm.12338                       .C. ... ..G ... ... ... ... ... ..T ... ... ... 
stm.12545                       .C. ... ... ... ... ... ... ..G ..T ... ... ... 
stm.13417                       .C. ... ... ... ... ... ... ... ..T ... ... ... 
stm.13983                       .C. .T. ... ... ... ... ... ... ..T ... ... ... 
stm.1758                        .C. ... .AG ... ... A.. C.. ... ..T ... ... ... 
stm.17915                       .C. ... ... ... T.. ... ... ... ..T ..G ... ... 
stm.18396                       .C. ... ... ... ... ... ... ... ..T ..T ... ... 
stm.19010                       .C. ... ... ... ... ... ... ... ..T ... ... ... 
stm.22585                       .C. ... ... ... ... ... TG. ... ..T ... ... ... 
stm.24764                       .C. ... ..G ... ... ... ... ... ..T ... ... ... 
stm.25816                       .C. .G. .A. ... ... ... ... ... ..T ..T ... ... 
stm.4526                        .C. ... ... ... ... ... ... ... ..T ... .T. ... 
stm.601                         ... ... ... ... ... ... ... ... ..T ... ... ... 
stm.6590                        .C. ... ... ... ... ... ... ... ..T ... ... ... 
stm.6729                        .C. ... ... ... ... ... ... ... ..T ... ... ... 
stm.7219                        .C. ... ... ... ... ... ..C C.. .TT ... ... ... 
stm.7858                        .C. ... ... ... ... .G. ... ... ..T ... ... ... 
stm.8054                        .C. ... ... ... ... ... ... ... ..T ... ... ... 
stm.8246                        .C. ..G ... ... ... ... ... A.. ..T ... ... ... 

    1    1    1    1    1    1    1    1    1    1    1    1

CODONML (in paml version 4.8a, July 2014)  algn
Model: One dN/dS ratio for branches, 
Codon frequency model: F3x4
ns =  21  ls =  12

Codon usage in sequences
--------------------------------------------------------------------------------------------------------------------------------------
Phe TTT   0   0   0   0   0   0 | Ser TCT   0   0   0   0   0   0 | Tyr TAT   1   1   1   1   1   1 | Cys TGT   0   0   0   0   0   0
    TTC   0   0   0   0   0   0 |     TCC   0   0   0   0   0   0 |     TAC   0   0   0   0   0   0 |     TGC   0   0   0   0   0   0
Leu TTA   1   1   1   1   1   1 |     TCA   0   0   0   0   0   0 | *** TAA   0   0   0   0   0   0 | *** TGA   0   0   0   0   0   0
    TTG   0   0   0   0   0   0 |     TCG   0   0   0   0   0   0 |     TAG   0   0   0   0   0   0 | Trp TGG   0   0   0   0   0   0
--------------------------------------------------------------------------------------------------------------------------------------
Leu CTT   0   0   0   0   0   0 | Pro CCT   0   0   0   0   0   0 | His CAT   1   0   1   1   1   1 | Arg CGT   0   0   0   0   0   0
    CTC   0   0   0   0   0   0 |     CCC   0   0   0   0   0   0 |     CAC   0   0   0   0   0   0 |     CGC   0   0   0   0   0   0
    CTA   0   0   0   0   0   0 |     CCA   0   0   0   0   0   0 | Gln CAA   0   1   0   0   0   0 |     CGA   0   0   0   0   0   0
    CTG   0   0   0   0   0   0 |     CCG   0   0   0   0   0   0 |     CAG   0   0   0   0   0   0 |     CGG   0   0   0   0   0   0
--------------------------------------------------------------------------------------------------------------------------------------
Ile ATT   1   1   1   1   1   2 | Thr ACT   1   1   0   1   1   1 | Asn AAT   1   1   1   1   1   0 | Ser AGT   0   0   0   0   0   0
    ATC   0   0   0   0   0   0 |     ACC   0   0   0   0   0   0 |     AAC   0   0   0   0   0   0 |     AGC   0   0   0   0   0   0
    ATA   0   0   0   0   0   0 |     ACA   0   1   1   1   1   1 | Lys AAA   1   0   0   0   0   0 | Arg AGA   0   0   0   0   0   0
Met ATG   0   0   0   0   0   0 |     ACG   0   0   1   0   0   0 |     AAG   0   0   0   0   0   0 |     AGG   0   0   0   0   0   0
--------------------------------------------------------------------------------------------------------------------------------------
Val GTT   0   0   0   0   0   0 | Ala GCT   1   1   1   1   1   1 | Asp GAT   1   1   1   1   1   1 | Gly GGT   0   1   1   1   1   1
    GTC   1   1   1   1   1   1 |     GCC   0   0   0   0   0   0 |     GAC   0   0   0   0   0   0 |     GGC   0   0   0   0   0   0
    GTA   0   0   0   0   0   0 |     GCA   0   0   0   0   0   0 | Glu GAA   0   0   0   0   0   0 |     GGA   1   1   1   0   1   1
    GTG   0   0   0   0   0   0 |     GCG   0   0   0   0   0   0 |     GAG   0   0   0   0   0   0 |     GGG   1   0   0   1   0   0
--------------------------------------------------------------------------------------------------------------------------------------

--------------------------------------------------------------------------------------------------------------------------------------
Phe TTT   0   0   0   0   0   0 | Ser TCT   0   0   0   0   0   0 | Tyr TAT   1   2   1   1   1   1 | Cys TGT   0   0   0   0   1   0
    TTC   0   0   0   0   0   0 |     TCC   0   0   0   0   0   0 |     TAC   0   0   0   0   0   0 |     TGC   0   0   0   0   0   0
Leu TTA   1   1   1   1   1   1 |     TCA   0   0   0   0   0   0 | *** TAA   0   0   0   0   0   0 | *** TGA   0   0   0   0   0   0
    TTG   0   0   0   0   0   0 |     TCG   0   0   0   0   0   0 |     TAG   0   0   0   0   0   0 | Trp TGG   0   0   0   0   0   0
--------------------------------------------------------------------------------------------------------------------------------------
Leu CTT   0   0   0   0   0   0 | Pro CCT   1   0   0   0   0   0 | His CAT   1   0   1   1   1   1 | Arg CGT   0   0   0   0   0   0
    CTC   0   0   0   0   0   0 |     CCC   0   0   0   0   0   0 |     CAC   0   0   0   0   0   0 |     CGC   0   0   0   0   0   0
    CTA   0   0   0   0   0   0 |     CCA   0   0   0   0   0   0 | Gln CAA   0   0   0   0   0   0 |     CGA   0   0   0   0   0   0
    CTG   0   0   0   0   0   0 |     CCG   0   0   0   0   0   0 |     CAG   0   0   0   0   0   0 |     CGG   0   0   0   0   0   0
--------------------------------------------------------------------------------------------------------------------------------------
Ile ATT   1   1   1   1   1   1 | Thr ACT   0   1   1   1   1   0 | Asn AAT   2   1   1   1   1   1 | Ser AGT   0   0   0   0   0   0
    ATC   0   0   0   0   0   0 |     ACC   0   0   0   0   0   0 |     AAC   0   0   0   0   0   0 |     AGC   0   0   0   0   0   0
    ATA   0   0   0   0   0   0 |     ACA   1   1   1   1   1   1 | Lys AAA   0   0   0   0   0   0 | Arg AGA   0   0   0   0   0   0
Met ATG   0   0   0   0   0   0 |     ACG   0   0   0   0   0   1 |     AAG   1   0   0   0   0   0 |     AGG   0   0   0   0   0   0
--------------------------------------------------------------------------------------------------------------------------------------
Val GTT   0   0   1   0   0   0 | Ala GCT   0   1   1   1   0   1 | Asp GAT   0   1   1   1   1   1 | Gly GGT   1   1   1   1   1   1
    GTC   1   0   0   1   1   1 |     GCC   0   0   0   0   0   0 |     GAC   0   0   0   0   0   0 |     GGC   0   0   0   0   0   0
    GTA   0   0   0   0   0   0 |     GCA   0   0   0   0   0   0 | Glu GAA   0   0   0   0   0   0 |     GGA   1   1   1   1   1   1
    GTG   0   1   0   0   0   0 |     GCG   0   0   0   0   0   0 |     GAG   0   0   0   0   0   0 |     GGG   0   0   0   0   0   0
--------------------------------------------------------------------------------------------------------------------------------------

--------------------------------------------------------------------------------------------------------------------------------------
Phe TTT   0   1   0   0   0   0 | Ser TCT   0   0   0   0   0   0 | Tyr TAT   1   0   1   1   1   1 | Cys TGT   0   0   0   0   0   0
    TTC   0   0   0   0   0   0 |     TCC   0   0   0   0   0   0 |     TAC   0   0   0   0   0   0 |     TGC   0   0   0   0   0   0
Leu TTA   1   1   1   1   1   1 |     TCA   0   0   0   0   0   0 | *** TAA   0   0   0   0   0   0 | *** TGA   0   0   0   0   0   0
    TTG   0   0   0   0   0   0 |     TCG   0   0   0   0   0   0 |     TAG   0   0   0   0   0   0 | Trp TGG   0   0   0   0   0   0
--------------------------------------------------------------------------------------------------------------------------------------
Leu CTT   0   0   0   0   0   0 | Pro CCT   0   0   0   0   0   0 | His CAT   1   1   1   1   1   1 | Arg CGT   0   0   0   0   0   0
    CTC   0   0   0   0   0   0 |     CCC   0   0   0   0   0   0 |     CAC   0   0   0   0   0   0 |     CGC   0   0   0   0   0   0
    CTA   0   0   0   0   0   0 |     CCA   0   0   0   0   0   0 | Gln CAA   0   0   0   0   0   0 |     CGA   0   0   0   0   0   1
    CTG   0   0   0   0   0   0 |     CCG   0   0   0   0   0   0 |     CAG   0   0   0   0   0   0 |     CGG   0   0   0   0   0   0
--------------------------------------------------------------------------------------------------------------------------------------
Ile ATT   1   1   1   1   1   1 | Thr ACT   0   1   1   1   1   1 | Asn AAT   1   1   1   1   1   1 | Ser AGT   1   0   0   0   0   0
    ATC   0   0   0   0   0   0 |     ACC   0   0   0   0   0   0 |     AAC   0   0   0   0   0   0 |     AGC   0   0   0   0   0   0
    ATA   0   0   0   0   0   0 |     ACA   1   1   0   1   1   1 | Lys AAA   0   0   1   0   0   0 | Arg AGA   0   0   0   0   0   0
Met ATG   0   0   0   0   0   0 |     ACG   0   0   0   0   0   0 |     AAG   0   0   0   0   0   0 |     AGG   0   0   0   0   0   0
--------------------------------------------------------------------------------------------------------------------------------------
Val GTT   1   0   0   0   0   1 | Ala GCT   1   1   1   1   1   0 | Asp GAT   1   1   1   1   1   1 | Gly GGT   1   1   1   1   1   0
    GTC   0   1   1   1   1   1 |     GCC   0   0   0   0   0   1 |     GAC   0   0   0   0   0   0 |     GGC   0   0   0   0   0   0
    GTA   0   0   0   0   0   0 |     GCA   0   0   0   0   0   0 | Glu GAA   0   0   0   0   0   0 |     GGA   1   1   1   1   1   0
    GTG   0   0   0   0   0   0 |     GCG   0   0   0   0   0   0 |     GAG   0   0   0   0   0   0 |     GGG   0   0   0   0   0   0
--------------------------------------------------------------------------------------------------------------------------------------

--------------------------------------------------------------------------------------
Phe TTT   0   0   0 | Ser TCT   0   0   0 | Tyr TAT   1   1   1 | Cys TGT   0   0   0
    TTC   0   0   0 |     TCC   0   0   0 |     TAC   0   0   0 |     TGC   0   0   0
Leu TTA   1   1   1 |     TCA   0   0   0 | *** TAA   0   0   0 | *** TGA   0   0   0
    TTG   0   0   0 |     TCG   0   0   0 |     TAG   0   0   0 | Trp TGG   0   0   0
--------------------------------------------------------------------------------------
Leu CTT   0   0   0 | Pro CCT   0   0   0 | His CAT   1   1   1 | Arg CGT   0   0   0
    CTC   0   0   0 |     CCC   0   0   0 |     CAC   0   0   0 |     CGC   0   0   0
    CTA   0   0   0 |     CCA   0   0   0 | Gln CAA   0   0   0 |     CGA   0   0   0
    CTG   0   0   0 |     CCG   0   0   0 |     CAG   0   0   0 |     CGG   0   0   0
--------------------------------------------------------------------------------------
Ile ATT   1   1   1 | Thr ACT   1   1   1 | Asn AAT   1   1   0 | Ser AGT   0   0   0
    ATC   0   0   0 |     ACC   0   0   0 |     AAC   0   0   0 |     AGC   0   0   0
    ATA   0   0   0 |     ACA   1   1   1 | Lys AAA   0   0   0 | Arg AGA   0   0   1
Met ATG   0   0   0 |     ACG   0   0   0 |     AAG   0   0   1 |     AGG   0   0   0
--------------------------------------------------------------------------------------
Val GTT   0   0   0 | Ala GCT   1   1   1 | Asp GAT   0   1   1 | Gly GGT   2   1   1
    GTC   1   1   1 |     GCC   0   0   0 |     GAC   0   0   0 |     GGC   0   0   0
    GTA   0   0   0 |     GCA   0   0   0 | Glu GAA   0   0   0 |     GGA   1   1   0
    GTG   0   0   0 |     GCG   0   0   0 |     GAG   0   0   0 |     GGG   0   0   0
--------------------------------------------------------------------------------------

Codon position x base (3x4) table for each sequence.

#1: stm.11344      
position  1:    T:0.16667    C:0.08333    A:0.33333    G:0.41667
position  2:    T:0.25000    C:0.16667    A:0.41667    G:0.16667
position  3:    T:0.58333    C:0.08333    A:0.25000    G:0.08333
Average         T:0.33333    C:0.11111    A:0.33333    G:0.22222

#2: stm.12055      
position  1:    T:0.16667    C:0.08333    A:0.33333    G:0.41667
position  2:    T:0.25000    C:0.25000    A:0.33333    G:0.16667
position  3:    T:0.58333    C:0.08333    A:0.33333    G:0.00000
Average         T:0.33333    C:0.13889    A:0.33333    G:0.19444

#3: stm.12338      
position  1:    T:0.16667    C:0.08333    A:0.33333    G:0.41667
position  2:    T:0.25000    C:0.25000    A:0.33333    G:0.16667
position  3:    T:0.58333    C:0.08333    A:0.25000    G:0.08333
Average         T:0.33333    C:0.13889    A:0.30556    G:0.22222

#4: stm.12545      
position  1:    T:0.16667    C:0.08333    A:0.33333    G:0.41667
position  2:    T:0.25000    C:0.25000    A:0.33333    G:0.16667
position  3:    T:0.66667    C:0.08333    A:0.16667    G:0.08333
Average         T:0.36111    C:0.13889    A:0.27778    G:0.22222

#5: stm.13417      
position  1:    T:0.16667    C:0.08333    A:0.33333    G:0.41667
position  2:    T:0.25000    C:0.25000    A:0.33333    G:0.16667
position  3:    T:0.66667    C:0.08333    A:0.25000    G:0.00000
Average         T:0.36111    C:0.13889    A:0.30556    G:0.19444

#6: stm.13983      
position  1:    T:0.16667    C:0.08333    A:0.33333    G:0.41667
position  2:    T:0.33333    C:0.25000    A:0.25000    G:0.16667
position  3:    T:0.66667    C:0.08333    A:0.25000    G:0.00000
Average         T:0.38889    C:0.13889    A:0.27778    G:0.19444

#7: stm.1758       
position  1:    T:0.16667    C:0.16667    A:0.41667    G:0.25000
position  2:    T:0.25000    C:0.16667    A:0.41667    G:0.16667
position  3:    T:0.58333    C:0.08333    A:0.25000    G:0.08333
Average         T:0.33333    C:0.13889    A:0.36111    G:0.16667

#8: stm.17915      
position  1:    T:0.25000    C:0.00000    A:0.33333    G:0.41667
position  2:    T:0.25000    C:0.25000    A:0.33333    G:0.16667
position  3:    T:0.66667    C:0.00000    A:0.25000    G:0.08333
Average         T:0.38889    C:0.08333    A:0.30556    G:0.22222

#9: stm.18396      
position  1:    T:0.16667    C:0.08333    A:0.33333    G:0.41667
position  2:    T:0.25000    C:0.25000    A:0.33333    G:0.16667
position  3:    T:0.75000    C:0.00000    A:0.25000    G:0.00000
Average         T:0.38889    C:0.11111    A:0.30556    G:0.19444

#10: stm.19010      
position  1:    T:0.16667    C:0.08333    A:0.33333    G:0.41667
position  2:    T:0.25000    C:0.25000    A:0.33333    G:0.16667
position  3:    T:0.66667    C:0.08333    A:0.25000    G:0.00000
Average         T:0.36111    C:0.13889    A:0.30556    G:0.19444

#11: stm.22585      
position  1:    T:0.25000    C:0.08333    A:0.33333    G:0.33333
position  2:    T:0.25000    C:0.16667    A:0.33333    G:0.25000
position  3:    T:0.66667    C:0.08333    A:0.25000    G:0.00000
Average         T:0.38889    C:0.11111    A:0.30556    G:0.19444

#12: stm.24764      
position  1:    T:0.16667    C:0.08333    A:0.33333    G:0.41667
position  2:    T:0.25000    C:0.25000    A:0.33333    G:0.16667
position  3:    T:0.58333    C:0.08333    A:0.25000    G:0.08333
Average         T:0.33333    C:0.13889    A:0.30556    G:0.22222

#13: stm.25816      
position  1:    T:0.16667    C:0.08333    A:0.33333    G:0.41667
position  2:    T:0.25000    C:0.16667    A:0.33333    G:0.25000
position  3:    T:0.75000    C:0.00000    A:0.25000    G:0.00000
Average         T:0.38889    C:0.08333    A:0.30556    G:0.22222

#14: stm.4526       
position  1:    T:0.16667    C:0.08333    A:0.33333    G:0.41667
position  2:    T:0.33333    C:0.25000    A:0.25000    G:0.16667
position  3:    T:0.66667    C:0.08333    A:0.25000    G:0.00000
Average         T:0.38889    C:0.13889    A:0.27778    G:0.19444

#15: stm.601        
position  1:    T:0.16667    C:0.08333    A:0.33333    G:0.41667
position  2:    T:0.25000    C:0.16667    A:0.41667    G:0.16667
position  3:    T:0.66667    C:0.08333    A:0.25000    G:0.00000
Average         T:0.36111    C:0.11111    A:0.33333    G:0.19444

#16: stm.6590       
position  1:    T:0.16667    C:0.08333    A:0.33333    G:0.41667
position  2:    T:0.25000    C:0.25000    A:0.33333    G:0.16667
position  3:    T:0.66667    C:0.08333    A:0.25000    G:0.00000
Average         T:0.36111    C:0.13889    A:0.30556    G:0.19444

#17: stm.6729       
position  1:    T:0.16667    C:0.08333    A:0.33333    G:0.41667
position  2:    T:0.25000    C:0.25000    A:0.33333    G:0.16667
position  3:    T:0.66667    C:0.08333    A:0.25000    G:0.00000
Average         T:0.36111    C:0.13889    A:0.30556    G:0.19444

#18: stm.7219       
position  1:    T:0.16667    C:0.16667    A:0.33333    G:0.33333
position  2:    T:0.33333    C:0.25000    A:0.33333    G:0.08333
position  3:    T:0.58333    C:0.16667    A:0.25000    G:0.00000
Average         T:0.36111    C:0.19444    A:0.30556    G:0.13889

#19: stm.7858       
position  1:    T:0.16667    C:0.08333    A:0.33333    G:0.41667
position  2:    T:0.25000    C:0.25000    A:0.25000    G:0.25000
position  3:    T:0.66667    C:0.08333    A:0.25000    G:0.00000
Average         T:0.36111    C:0.13889    A:0.27778    G:0.22222

#20: stm.8054       
position  1:    T:0.16667    C:0.08333    A:0.33333    G:0.41667
position  2:    T:0.25000    C:0.25000    A:0.33333    G:0.16667
position  3:    T:0.66667    C:0.08333    A:0.25000    G:0.00000
Average         T:0.36111    C:0.13889    A:0.30556    G:0.19444

#21: stm.8246       
position  1:    T:0.16667    C:0.08333    A:0.41667    G:0.33333
position  2:    T:0.25000    C:0.25000    A:0.33333    G:0.16667
position  3:    T:0.58333    C:0.08333    A:0.25000    G:0.08333
Average         T:0.33333    C:0.13889    A:0.33333    G:0.19444

Sums of codon usage counts
------------------------------------------------------------------------------
Phe F TTT       1 | Ser S TCT       0 | Tyr Y TAT      21 | Cys C TGT       1
      TTC       0 |       TCC       0 |       TAC       0 |       TGC       0
Leu L TTA      21 |       TCA       0 | *** * TAA       0 | *** * TGA       0
      TTG       0 |       TCG       0 |       TAG       0 | Trp W TGG       0
------------------------------------------------------------------------------
Leu L CTT       0 | Pro P CCT       1 | His H CAT      19 | Arg R CGT       0
      CTC       0 |       CCC       0 |       CAC       0 |       CGC       0
      CTA       0 |       CCA       0 | Gln Q CAA       1 |       CGA       1
      CTG       0 |       CCG       0 |       CAG       0 |       CGG       0
------------------------------------------------------------------------------
Ile I ATT      22 | Thr T ACT      17 | Asn N AAT      20 | Ser S AGT       1
      ATC       0 |       ACC       0 |       AAC       0 |       AGC       0
      ATA       0 |       ACA      19 | Lys K AAA       2 | Arg R AGA       1
Met M ATG       0 |       ACG       2 |       AAG       2 |       AGG       0
------------------------------------------------------------------------------
Val V GTT       3 | Ala A GCT      18 | Asp D GAT      19 | Gly G GGT      20
      GTC      18 |       GCC       1 |       GAC       0 |       GGC       0
      GTA       0 |       GCA       0 | Glu E GAA       0 |       GGA      18
      GTG       1 |       GCG       0 |       GAG       0 |       GGG       2
------------------------------------------------------------------------------


Codon position x base (3x4) table, overall

position  1:    T:0.17460    C:0.08730    A:0.34127    G:0.39683
position  2:    T:0.26190    C:0.23016    A:0.33333    G:0.17460
position  3:    T:0.64683    C:0.07540    A:0.25000    G:0.02778
Average         T:0.36111    C:0.13095    A:0.30820    G:0.19974

Codon frequencies under model, for use in evolver (TTT TTC TTA TTG ... GGG):
  0.03029973  0.00353187  0.01171094  0.00130122
  0.02662703  0.00310376  0.01029143  0.00114349
  0.03856329  0.00449511  0.00000000  0.00000000
  0.02019982  0.00235458  0.00000000  0.00086748
  0.01514986  0.00176593  0.00585547  0.00065061
  0.01331352  0.00155188  0.00514571  0.00057175
  0.01928164  0.00224755  0.00745241  0.00082805
  0.01009991  0.00117729  0.00390365  0.00043374
  0.05922219  0.00690320  0.02288956  0.00254328
  0.05204374  0.00606645  0.02011507  0.00223501
  0.07537370  0.00878589  0.02913216  0.00323691
  0.03948146  0.00460213  0.01525971  0.00169552
  0.06886301  0.00802698  0.02661577  0.00295731
  0.06051598  0.00705401  0.02338961  0.00259885
  0.08764383  0.01021615  0.03387461  0.00376385
  0.04590867  0.00535132  0.01774384  0.00197154



Nei & Gojobori 1986. dN/dS (dN, dS)
(Note: This matrix is not used in later ML. analysis.
Use runmode = -2 for ML pairwise comparison.)

stm.11344           
stm.12055            0.6304 (0.0775 0.1229)
stm.12338            0.1388 (0.0377 0.2715) 0.3225 (0.0382 0.1184)
stm.12545            0.1377 (0.0376 0.2731) 0.3202 (0.0381 0.1190)-1.0000 (0.0000 0.2620)
stm.13417            0.3049 (0.0377 0.1235)-1.0000 (0.0382 0.0000)-1.0000 (0.0000 0.1190)-1.0000 (0.0000 0.1196)
stm.13983            0.6440 (0.0779 0.1209)-1.0000 (0.0789 0.0000) 0.3291 (0.0384 0.1166) 0.3268 (0.0383 0.1172)-1.0000 (0.0384 0.0000)
stm.1758             0.9128 (0.1844 0.2020) 3.1753 (0.1871 0.0589)-1.0000 (0.1192 0.0000) 0.7223 (0.1408 0.1949) 2.3818 (0.1411 0.0592) 3.2429 (0.1881 0.0580)
stm.17915            0.2892 (0.0776 0.2683) 0.6717 (0.0787 0.1171) 0.1485 (0.0382 0.2575) 0.1474 (0.0382 0.2590) 0.3247 (0.0382 0.1178) 0.6856 (0.0791 0.1154) 0.9777 (0.1874 0.1917)
stm.18396            0.1388 (0.0377 0.2715) 0.3225 (0.0382 0.1184)-1.0000 (0.0000 0.2605)-1.0000 (0.0000 0.2620)-1.0000 (0.0000 0.1190) 0.3291 (0.0384 0.1166) 0.7276 (0.1411 0.1939) 0.3247 (0.0382 0.1178)
stm.19010            0.3049 (0.0377 0.1235)-1.0000 (0.0382 0.0000)-1.0000 (0.0000 0.1190)-1.0000 (0.0000 0.1196)-1.0000 (0.0000 0.0000)-1.0000 (0.0384 0.0000) 2.3818 (0.1411 0.0592) 0.3247 (0.0382 0.1178)-1.0000 (0.0000 0.1190)
stm.22585            0.9167 (0.1178 0.1285)-1.0000 (0.1194 0.0000) 0.6260 (0.0773 0.1235) 0.6217 (0.0772 0.1242)-1.0000 (0.0773 0.0000)-1.0000 (0.1200 0.0000) 2.9990 (0.1844 0.0615) 0.9787 (0.1196 0.1222) 0.6260 (0.0773 0.1235)-1.0000 (0.0773 0.0000)
stm.24764            0.1388 (0.0377 0.2715) 0.3225 (0.0382 0.1184)-1.0000 (0.0000 0.0000)-1.0000 (0.0000 0.2620)-1.0000 (0.0000 0.1190) 0.3291 (0.0384 0.1166)-1.0000 (0.1192 0.0000) 0.1485 (0.0382 0.2575)-1.0000 (0.0000 0.2605)-1.0000 (0.0000 0.1190) 0.6260 (0.0773 0.1235)
stm.25816            0.4121 (0.1176 0.2852) 0.9650 (0.1192 0.1235) 0.5017 (0.0978 0.1949) 0.2806 (0.0771 0.2747) 0.6217 (0.0772 0.1242) 0.6395 (0.0777 0.1215) 1.2485 (0.1612 0.1291) 0.9718 (0.1194 0.1229)-1.0000 (0.0772 0.0000) 0.6217 (0.0772 0.1242) 1.2485 (0.1612 0.1291) 0.5017 (0.0978 0.1949)
stm.4526             0.6174 (0.0771 0.1248)-1.0000 (0.0781 0.0000) 0.3158 (0.0380 0.1203) 0.3137 (0.0379 0.1209)-1.0000 (0.0380 0.0000)-1.0000 (0.0785 0.0000) 3.1108 (0.1861 0.0598) 0.6576 (0.0783 0.1190) 0.3158 (0.0380 0.1203)-1.0000 (0.0380 0.0000)-1.0000 (0.1188 0.0000) 0.3158 (0.0380 0.1203) 0.9451 (0.1186 0.1255)
stm.601             -1.0000 (0.0000 0.1285)-1.0000 (0.0775 0.0000) 0.3049 (0.0377 0.1235) 0.3029 (0.0376 0.1242)-1.0000 (0.0377 0.0000)-1.0000 (0.0779 0.0000) 2.9990 (0.1844 0.0615) 0.6349 (0.0776 0.1222) 0.3049 (0.0377 0.1235)-1.0000 (0.0377 0.0000)-1.0000 (0.1178 0.0000) 0.3049 (0.0377 0.1235) 0.9103 (0.1176 0.1291)-1.0000 (0.0771 0.0000)
stm.6590             0.3049 (0.0377 0.1235)-1.0000 (0.0382 0.0000)-1.0000 (0.0000 0.1190)-1.0000 (0.0000 0.1196)-1.0000 (0.0000 0.0000)-1.0000 (0.0384 0.0000) 2.3818 (0.1411 0.0592) 0.3247 (0.0382 0.1178)-1.0000 (0.0000 0.1190)-1.0000 (0.0000 0.0000)-1.0000 (0.0773 0.0000)-1.0000 (0.0000 0.1190) 0.6217 (0.0772 0.1242)-1.0000 (0.0380 0.0000)-1.0000 (0.0377 0.0000)
stm.6729             0.3049 (0.0377 0.1235)-1.0000 (0.0382 0.0000)-1.0000 (0.0000 0.1190)-1.0000 (0.0000 0.1196)-1.0000 (0.0000 0.0000)-1.0000 (0.0384 0.0000) 2.3818 (0.1411 0.0592) 0.3247 (0.0382 0.1178)-1.0000 (0.0000 0.1190)-1.0000 (0.0000 0.0000)-1.0000 (0.0773 0.0000)-1.0000 (0.0000 0.1190) 0.6217 (0.0772 0.1242)-1.0000 (0.0380 0.0000)-1.0000 (0.0377 0.0000)-1.0000 (0.0000 0.0000)
stm.7219             0.4528 (0.1200 0.2651) 1.0500 (0.1218 0.1160) 0.3094 (0.0788 0.2547) 0.3071 (0.0787 0.2561) 0.6759 (0.0788 0.1166) 1.0715 (0.1224 0.1142) 1.2516 (0.2372 0.1895) 0.4846 (0.1220 0.2517) 0.3094 (0.0788 0.2547) 0.6759 (0.0788 0.1166) 1.3627 (0.1647 0.1209) 0.3094 (0.0788 0.2547) 0.6167 (0.1645 0.2667) 1.0280 (0.1211 0.1178) 0.9930 (0.1200 0.1209) 0.6759 (0.0788 0.1166) 0.6759 (0.0788 0.1166)
stm.7858             0.6622 (0.0784 0.1184)-1.0000 (0.0795 0.0000) 0.3381 (0.0386 0.1142) 0.3357 (0.0386 0.1148)-1.0000 (0.0386 0.0000)-1.0000 (0.0799 0.0000) 3.3336 (0.1895 0.0569) 0.7045 (0.0796 0.1130) 0.3381 (0.0386 0.1142)-1.0000 (0.0386 0.0000)-1.0000 (0.1209 0.0000) 0.3381 (0.0386 0.1142) 1.0141 (0.1207 0.1190)-1.0000 (0.0791 0.0000)-1.0000 (0.0784 0.0000)-1.0000 (0.0386 0.0000)-1.0000 (0.0386 0.0000) 1.1008 (0.1233 0.1120)
stm.8054             0.3049 (0.0377 0.1235)-1.0000 (0.0382 0.0000)-1.0000 (0.0000 0.1190)-1.0000 (0.0000 0.1196)-1.0000 (0.0000 0.0000)-1.0000 (0.0384 0.0000) 2.3818 (0.1411 0.0592) 0.3247 (0.0382 0.1178)-1.0000 (0.0000 0.1190)-1.0000 (0.0000 0.0000)-1.0000 (0.0773 0.0000)-1.0000 (0.0000 0.1190) 0.6217 (0.0772 0.1242)-1.0000 (0.0380 0.0000)-1.0000 (0.0377 0.0000)-1.0000 (0.0000 0.0000)-1.0000 (0.0000 0.0000) 0.6759 (0.0788 0.1166)-1.0000 (0.0386 0.0000)
stm.8246             0.9441 (0.1186 0.1256)-1.0000 (0.1203 0.0000) 0.6440 (0.0779 0.1209) 0.6395 (0.0777 0.1215)-1.0000 (0.0779 0.0000)-1.0000 (0.1209 0.0000) 3.8901 (0.2341 0.0602) 1.0071 (0.1205 0.1196) 0.6440 (0.0779 0.1209)-1.0000 (0.0779 0.0000)-1.0000 (0.1627 0.0000) 0.6440 (0.0779 0.1209) 1.2860 (0.1624 0.1263)-1.0000 (0.1196 0.0000)-1.0000 (0.1186 0.0000)-1.0000 (0.0779 0.0000)-1.0000 (0.0779 0.0000) 0.3027 (0.0784 0.2590)-1.0000 (0.1218 0.0000)-1.0000 (0.0779 0.0000)


TREE #  1:  (13, 21, ((((((((19, 4), (((5, 17), 1), 16)), (((6, 14), 2), 18)), 10), ((3, 15), 7)), (20, (8, 12))), 9), 11));   MP score: 25
lnL(ntime: 39  np: 41):   -187.304981      +0.000000
  22..13   22..21   22..23   23..24   24..25   25..26   26..27   27..28   28..29   29..30   30..19   30..4    29..31   31..32   32..33   33..5    33..17   32..1    31..16   28..34   34..35   35..36   36..6    36..14   35..2    34..18   27..10   26..37   37..38   38..3    38..15   37..7    25..39   39..20   39..40   40..8    40..12   24..9    23..11 
 0.269239 0.177222 0.000004 0.000004 0.000004 0.000004 0.000004 0.000004 0.000004 0.000004 0.083204 0.084405 0.000004 0.000004 0.000004 0.000004 0.000004 0.174763 0.000004 0.000004 0.000004 0.000004 0.082129 0.082356 0.083460 0.272064 0.000004 0.083257 0.000004 0.000004 0.174060 0.275699 0.000004 0.000004 0.000004 0.177756 0.083258 0.082607 0.174679 0.882671 0.262432

Note: Branch length is defined as number of nucleotide substitutions per codon (not per neucleotide site).

tree length =   2.36025

(13: 0.269239, 21: 0.177222, ((((((((19: 0.083204, 4: 0.084405): 0.000004, (((5: 0.000004, 17: 0.000004): 0.000004, 1: 0.174763): 0.000004, 16: 0.000004): 0.000004): 0.000004, (((6: 0.082129, 14: 0.082356): 0.000004, 2: 0.083460): 0.000004, 18: 0.272064): 0.000004): 0.000004, 10: 0.000004): 0.000004, ((3: 0.000004, 15: 0.174060): 0.000004, 7: 0.275699): 0.083257): 0.000004, (20: 0.000004, (8: 0.177756, 12: 0.083258): 0.000004): 0.000004): 0.000004, 9: 0.082607): 0.000004, 11: 0.174679): 0.000004);

(stm.25816: 0.269239, stm.8246: 0.177222, ((((((((stm.7858: 0.083204, stm.12545: 0.084405): 0.000004, (((stm.13417: 0.000004, stm.6729: 0.000004): 0.000004, stm.11344: 0.174763): 0.000004, stm.6590: 0.000004): 0.000004): 0.000004, (((stm.13983: 0.082129, stm.4526: 0.082356): 0.000004, stm.12055: 0.083460): 0.000004, stm.7219: 0.272064): 0.000004): 0.000004, stm.19010: 0.000004): 0.000004, ((stm.12338: 0.000004, stm.601: 0.174060): 0.000004, stm.1758: 0.275699): 0.083257): 0.000004, (stm.8054: 0.000004, (stm.17915: 0.177756, stm.24764: 0.083258): 0.000004): 0.000004): 0.000004, stm.18396: 0.082607): 0.000004, stm.22585: 0.174679): 0.000004);

Detailed output identifying parameters

kappa (ts/tv) =  0.88267

omega (dN/dS) =  0.26243

dN & dS for each branch

 branch          t       N       S   dN/dS      dN      dS  N*dN  S*dS

  22..13     0.269    32.2     3.8  0.2624  0.0690  0.2631   2.2   1.0
  22..21     0.177    32.2     3.8  0.2624  0.0454  0.1732   1.5   0.7
  22..23     0.000    32.2     3.8  0.2624  0.0000  0.0000   0.0   0.0
  23..24     0.000    32.2     3.8  0.2624  0.0000  0.0000   0.0   0.0
  24..25     0.000    32.2     3.8  0.2624  0.0000  0.0000   0.0   0.0
  25..26     0.000    32.2     3.8  0.2624  0.0000  0.0000   0.0   0.0
  26..27     0.000    32.2     3.8  0.2624  0.0000  0.0000   0.0   0.0
  27..28     0.000    32.2     3.8  0.2624  0.0000  0.0000   0.0   0.0
  28..29     0.000    32.2     3.8  0.2624  0.0000  0.0000   0.0   0.0
  29..30     0.000    32.2     3.8  0.2624  0.0000  0.0000   0.0   0.0
  30..19     0.083    32.2     3.8  0.2624  0.0213  0.0813   0.7   0.3
  30..4      0.084    32.2     3.8  0.2624  0.0216  0.0825   0.7   0.3
  29..31     0.000    32.2     3.8  0.2624  0.0000  0.0000   0.0   0.0
  31..32     0.000    32.2     3.8  0.2624  0.0000  0.0000   0.0   0.0
  32..33     0.000    32.2     3.8  0.2624  0.0000  0.0000   0.0   0.0
  33..5      0.000    32.2     3.8  0.2624  0.0000  0.0000   0.0   0.0
  33..17     0.000    32.2     3.8  0.2624  0.0000  0.0000   0.0   0.0
  32..1      0.175    32.2     3.8  0.2624  0.0448  0.1708   1.4   0.7
  31..16     0.000    32.2     3.8  0.2624  0.0000  0.0000   0.0   0.0
  28..34     0.000    32.2     3.8  0.2624  0.0000  0.0000   0.0   0.0
  34..35     0.000    32.2     3.8  0.2624  0.0000  0.0000   0.0   0.0
  35..36     0.000    32.2     3.8  0.2624  0.0000  0.0000   0.0   0.0
  36..6      0.082    32.2     3.8  0.2624  0.0211  0.0802   0.7   0.3
  36..14     0.082    32.2     3.8  0.2624  0.0211  0.0805   0.7   0.3
  35..2      0.083    32.2     3.8  0.2624  0.0214  0.0815   0.7   0.3
  34..18     0.272    32.2     3.8  0.2624  0.0698  0.2658   2.2   1.0
  27..10     0.000    32.2     3.8  0.2624  0.0000  0.0000   0.0   0.0
  26..37     0.083    32.2     3.8  0.2624  0.0213  0.0813   0.7   0.3
  37..38     0.000    32.2     3.8  0.2624  0.0000  0.0000   0.0   0.0
  38..3      0.000    32.2     3.8  0.2624  0.0000  0.0000   0.0   0.0
  38..15     0.174    32.2     3.8  0.2624  0.0446  0.1701   1.4   0.7
  37..7      0.276    32.2     3.8  0.2624  0.0707  0.2694   2.3   1.0
  25..39     0.000    32.2     3.8  0.2624  0.0000  0.0000   0.0   0.0
  39..20     0.000    32.2     3.8  0.2624  0.0000  0.0000   0.0   0.0
  39..40     0.000    32.2     3.8  0.2624  0.0000  0.0000   0.0   0.0
  40..8      0.178    32.2     3.8  0.2624  0.0456  0.1737   1.5   0.7
  40..12     0.083    32.2     3.8  0.2624  0.0213  0.0814   0.7   0.3
  24..9      0.083    32.2     3.8  0.2624  0.0212  0.0807   0.7   0.3
  23..11     0.175    32.2     3.8  0.2624  0.0448  0.1707   1.4   0.7

tree length for dN:       0.6052
tree length for dS:       2.3062


Time used:  0:16
